121111
121211
121212
121213
121214
121215
121216
121217
121221
121299
121311
121312
121313
121314
121315
121316
121317
121318
121321
121322
121399
121411
131112
131113
131114
132111
132211
132311
132411
132511
133111
133112
133211
133411
133511
133512
133513
133611
133612
134111
134211
134212
134213
134214
134299
134311
134412
134499
135112
135199
139911
139912
139913
139914
139915
139999
141111
141211
141311
141999
142115
149111
149112
149113
149212
149311
149413
149912
149913
149914
211112
211212
211213
211299
211311
212111
212212
212312
212314
212315
212316
212317
212318
212411
212412
212413
212415
212416
212499
221111
221112
221113
221211
221213
221214
222111
222112
222113
222199
222211
222213
222299
222311
222312
223111
223112
223113
223211
224111
224112
224113
224212
224213
224214
224311
224412
224511
224512
224611
224711
224712
224912
224914
224999
225111
225112
225113
225211
225212
225213
225311
225499
231111
231113
231114
231213
232111
232112
232212
232213
232214
232311
232312
232313
232411
232412
232413
232414
232511
232611
233111
233112
233211
233212
233213
233214
233215
233311
233411
233511
233512
233513
233611
233612
233911
233912
233913
233914
233915
233916
233999
234111
234112
234113
234211
234212
234213
234311
234312
234313
234399
234411
234412
234413
234511
234513
234514
234515
234516
234517
234518
234599
234611
234711
234911
234912
234913
234914
234915
234999
241111
241213
241311
241411
241511
241512
241513
241599
242111
242211
249111
249211
249212
249214
249299
249311
251111
251112
251211
251212
251213
251214
251311
251312
251411
251412
251511
251512
251513
251911
251912
251999
252111
252112
252211
252213
252214
252299
252311
252312
252411
252511
252611
252711
252712
253111
253112
253211
253311
253312
253313
253314
253315
253316
253317
253318
253321
253322
253323
253324
253399
253411
253511
253512
253513
253514
253515
253516
253517
253518
253521
253911
253912
253913
253914
253915
253917
253918
253999
254111
254211
254212
254311
254411
254412
254413
254414
254415
254416
254417
254418
254421
254422
254423
254424
254425
254499
261111
261112
261211
261212
261311
261312
261313
261314
261399
262111
262112
262113
263111
263112
263113
263211
263212
263213
263299
263311
263312
271111
271214
271299
271311
272111
272112
272113
272114
272115
272199
272311
272312
272313
272314
272399
272412
272413
272499
272511
272611
272612
272613
311111
311211
311212
311213
311214
311215
311216
311299
311312
311399
311411
311412
311413
311499
312111
312113
312114
312116
312199
312211
312212
312311
312312
312511
312512
312611
312911
312912
312913
312999
313111
313112
313113
313199
313211
313212
313213
313214
321111
321211
321212
321213
321214
322113
322211
322311
322312
322313
323111
323112
323113
323211
323212
323213
323214
323299
323313
323314
323412
324111
324211
324212
324311
331111
331112
331211
331212
331213
332111
332211
333111
333211
333212
333311
333411
334111
334112
334113
334114
334115
341111
341112
341113
342111
342211
342212
342311
342313
342314
342315
342411
342413
351111
351112
351211
351311
351411
361111
361112
361114
361199
361311
362111
362211
362212
362213
362311
362411
391111
392111
392311
393213
393311
394111
394211
394213
394299
399111
399112
399212
399213
399411
399512
399514
399516
399599
399611
411111
411112
411211
411213
411214
411311
411411
411611
411711
411712
411713
411715
411716
441211
451211
451399
451711
451815
452311
452312
452313
452314
452315
452316
452317
452321
452411
452413
452499
511111
511112
599612
599915
611211
612112
612115
639211